# oST version 5.0 parameters


[image]

width
640

height
480

[narrow_stereo]

camera matrix
634.691987 0.000000 321.099310
0.000000 638.440414 257.032392
0.000000 0.000000 1.000000

distortion
0.144038 -0.703178 0.009821 0.002459 0.000000

rectification
1.000000 0.000000 0.000000
0.000000 1.000000 0.000000
0.000000 0.000000 1.000000

projection
628.559937 0.000000 322.631874 0.000000
0.000000 641.147705 260.018180 0.000000
0.000000 0.000000 1.000000 0.000000

